1688722443721 0.3746359795331955 0
1688722444467 0.26680082082748413 1
1688722445289 0.18731345981359482 2
1688722445998 0.1244342289865017 3
1688722446727 0.08007650449872017 4
1688722447443 0.05021538957953453 5
1688722448150 0.031439912505447865 6
1688722448865 0.019725949503481388 7
1688722449575 0.013519874308258295 8
1688722450299 0.010468397289514542 9
1688722451012 0.0097354119643569 10
1688722451722 0.009070361033082008 11
1688722452429 0.009850960224866867 12
1688722453133 0.009046585764735937 13
1688722453838 0.008606465999037027 14
1688722454543 0.008008783683180809 15
1688722455252 0.007497329963371158 16
1688722455960 0.006732011446729302 17
1688722456670 0.00571161019615829 18
1688722457385 0.0061336609069257975 19
1688722458093 0.005569719010964036 20
1688722458802 0.005977189633995295 21
1688722459509 0.005481524392962456 22
1688722460212 0.005176461301743984 23
1688722460917 0.005458661820739508 24
1688722461623 0.005436780396848917 25
1688722462330 0.004919720347970724 26
1688722463036 0.00514673232100904 27
1688722463742 0.004759298637509346 28
1688722464454 0.004674855154007673 29
1688722465162 0.00459694117307663 30
1688722465867 0.004376217257231474 31
1688722466576 0.004589529009535909 32
1688722467288 0.004405240761116147 33
1688722468000 0.004561365814879537 34
1688722468710 0.004234975436702371 35
1688722469423 0.004344742512330413 36
1688722470136 0.004227003315463662 37
1688722470849 0.00401725503616035 38
1688722471561 0.004108191700652242 39
1688722472275 0.003930404200218618 40
1688722472986 0.004145379643887281 41
1688722473699 0.004045666893944144 42
1688722474408 0.003957232111133635 43
1688722475115 0.004179141251370311 44
1688722475824 0.0037274642381817102 45
1688722476534 0.0035796179436147213 46
1688722477240 0.0037959559122100472 47
1688722477955 0.003291659406386316 48
1688722478666 0.0033079644199460745 49
1688722479374 0.003420970751903951 50
1688722480086 0.0034069025423377752 51
1688722480796 0.003216866170987487 52
1688722481505 0.003240638878196478 53
1688722482215 0.003241617581807077 54
1688722482939 0.00310798198916018 55
1688722483657 0.003055775770917535 56
1688722484369 0.002940212027169764 57
1688722485083 0.0027682710206136107 58
1688722485796 0.0028040034230798483 59
1688722486510 0.0028659759555011988 60
1688722487221 0.002755757886916399 61
1688722487931 0.002617106889374554 62
1688722488642 0.0028531948337331414 63
1688722489355 0.002677487675100565 64
1688722490071 0.002421203418634832 65
1688722490781 0.0024685399839654565 66
1688722491498 0.002399460645392537 67
1688722492210 0.002320189494639635 68
1688722492919 0.0023261155001819134 69
1688722493635 0.002157114213332534 70
1688722494347 0.0021987713407725096 71
1688722495061 0.00223784358240664 72
1688722495774 0.0020356560125947 73
1688722496485 0.001982653047889471 74
1688722497196 0.0019930594135075808 75
1688722497906 0.001906304620206356 76
1688722498619 0.001852625806350261 77
1688722499349 0.0018176979501731694 78
1688722500088 0.0017565414309501648 79
1688722500808 0.0016782363527454436 80
1688722501509 0.0017371675930917263 81
1688722502219 0.0017294245189987123 82
1688722502931 0.001576080685481429 83
1688722503645 0.0015380720724351704 84
1688722504352 0.001505012740381062 85
1688722505062 0.0014028731384314597 86
1688722505793 0.001417913124896586 87
1688722506508 0.0013562982785515487 88
1688722507230 0.0013609871384687722 89
1688722507946 0.0013796456041745842 90
1688722508660 0.0012491417583078146 91
1688722509374 0.0011779412743635476 92
1688722510089 0.001165634545031935 93
1688722510805 0.0011578109697438776 94
1688722511520 0.001179047510959208 95
1688722512231 0.0012599736801348627 96
1688722512943 0.0011127347825095057 97
1688722513656 0.0012009776546619833 98
1688722514395 0.0011572643998079002 99
1688722515130 0.0010748480563051999 100
