1688722679822 0.4527479112148285 0
1688722680570 0.32455988228321075 1
1688722681407 0.22954268008470535 2
1688722682143 0.15523546934127808 3
1688722682875 0.10267174243927002 4
1688722683605 0.0664970874786377 5
1688722684336 0.04446566104888916 6
1688722685072 0.02907991874963045 7
1688722685803 0.02064337581396103 8
1688722686538 0.015774941071867943 9
1688722687271 0.013248852454125881 10
1688722688007 0.01138834422454238 11
1688722688749 0.00991114042699337 12
1688722689483 0.00864272378385067 13
1688722690216 0.008091693744063377 14
1688722690949 0.008227088022977114 15
1688722691704 0.007840001955628395 16
1688722692476 0.00746924034319818 17
1688722693217 0.007186317816376686 18
1688722693952 0.007030104752629995 19
1688722694716 0.006398731842637062 20
1688722695460 0.0072808044496923685 21
1688722696244 0.005986331962049007 22
1688722697004 0.0058706970885396 23
1688722697746 0.0062426317017525434 24
1688722698480 0.008857420878484845 25
1688722699221 0.00570974824950099 26
1688722699954 0.005318243056535721 27
1688722700690 0.005617238814011216 28
1688722701422 0.005681401118636131 29
1688722702156 0.005639815703034401 30
1688722702893 0.0053505555260926485 31
1688722703629 0.005047730403020978 32
1688722704365 0.005422328133136034 33
1688722705103 0.00568025466054678 34
1688722705838 0.005881629418581724 35
1688722706573 0.005013451213017106 36
1688722707311 0.004593644989654422 37
1688722708050 0.004607559181749821 38
1688722708784 0.004586212104186416 39
1688722709517 0.004552849335595965 40
1688722710253 0.004415441071614623 41
1688722710991 0.004263840150088072 42
1688722711722 0.003961837850511074 43
1688722712462 0.004291490186005831 44
1688722713198 0.0041558470111340284 45
1688722713934 0.0041539352387189865 46
1688722714680 0.004257799359038472 47
1688722715417 0.004076625918969512 48
1688722716152 0.004012244055047631 49
1688722716890 0.004469106672331691 50
1688722717633 0.004041251610033214 51
1688722718376 0.004028268973343074 52
1688722719110 0.003672676859423518 53
1688722719843 0.0036593619734048843 54
1688722720579 0.003659802838228643 55
1688722721314 0.003920698422007263 56
1688722722055 0.00355526409111917 57
1688722722790 0.003973609302192926 58
1688722723538 0.0033637647284194827 59
1688722724281 0.0035484806867316365 60
1688722725022 0.003398232627660036 61
1688722725760 0.003480483195744455 62
1688722726499 0.0030738930217921734 63
1688722727240 0.003154887235723436 64
1688722727977 0.003115269006229937 65
1688722728716 0.002927084919065237 66
1688722729465 0.003013758920133114 67
1688722730198 0.0030806855065748096 68
1688722730951 0.0027986348140984774 69
1688722731694 0.002731436863541603 70
1688722732432 0.0027871928177773952 71
1688722733174 0.002602558000944555 72
1688722733909 0.0025516123278066516 73
1688722734648 0.0025977895129472017 74
1688722735388 0.002593087963759899 75
1688722736125 0.0024542821338400245 76
1688722736865 0.0025951010175049305 77
1688722737621 0.0024274159222841263 78
1688722738362 0.002295364742167294 79
1688722739102 0.002530648256652057 80
1688722739837 0.0021990748355165124 81
1688722740575 0.0022349252831190825 82
1688722741313 0.0020621379371732473 83
1688722742050 0.0020423652604222298 84
1688722742789 0.002085420419462025 85
1688722743533 0.002082530001644045 86
1688722744276 0.002102532656863332 87
1688722745014 0.0017353410948999226 88
1688722745754 0.0017504412680864334 89
1688722746494 0.001782687904778868 90
1688722747234 0.0016922717913985252 91
1688722747972 0.0015735531924292445 92
1688722748713 0.0016660509863868356 93
1688722749451 0.0015981804463081062 94
1688722750188 0.0015808392781764269 95
1688722750929 0.0015101354802027345 96
1688722751670 0.0013766820775344968 97
1688722752417 0.0014220487209968269 98
1688722753159 0.0015321642276830971 99
1688722753906 0.0013190977624617517 100
