1689059869641 1.180768092473348 0
1689059870145 0.838142991065979 1
1689059870740 0.7356020013491312 2
1689059871288 0.6714515288670858 3
1689059871776 0.6125259002049764 4
1689059872268 0.5685343742370605 5
1689059872763 0.5379546085993449 6
1689059873246 0.5138192176818848 7
1689059873747 0.47502073645591736 8
1689059874247 0.4553257127602895 9
1689059874739 0.4350273211797078 10
1689059875255 0.42189603050549823 11
1689059875746 0.3951484461625417 12
1689059876245 0.3659885028998057 13
1689059876746 0.3552803198496501 14
1689059877243 0.3436938126881917 15
1689059877739 0.32884466648101807 16
1689059878230 0.31258784731229144 17
1689059878730 0.29268529017766315 18
1689059879232 0.28641854723294574 19
1689059879719 0.28170035282770794 20
1689059880221 0.2720450460910797 21
1689059880742 0.25629227856794995 22
1689059881243 0.24238020181655884 23
1689059881748 0.24381404121716818 24
1689059882242 0.23331924279530844 25
1689059882729 0.21928966542085013 26
1689059883219 0.22047018011411032 27
1689059883714 0.20527330537637076 28
1689059884200 0.19932722051938376 29
1689059884688 0.19360177715619406 30
1689059885192 0.18202542265256247 31
1689059885687 0.17986283202966055 32
1689059886170 0.18386760354042053 33
1689059886679 0.1661722163359324 34
1689059887174 0.1636535127957662 35
1689059887668 0.16022109985351562 36
1689059888176 0.15318500498930612 37
1689059888676 0.1528466691573461 38
1689059889186 0.1671991894642512 39
1689059889682 0.1495754818121592 40
1689059890179 0.14279727141062418 41
1689059890678 0.13953331112861633 42
1689059891195 0.13851212213436762 43
1689059891694 0.13121860474348068 44
1689059892191 0.1253059059381485 45
1689059892688 0.1337904209891955 46
1689059893167 0.1202861617008845 47
1689059893660 0.11917015661795934 48
1689059894165 0.11289467910925548 49
1689059894659 0.10900466640790303 50
1689059895140 0.11181539545456569 51
1689059895637 0.10782641172409058 52
1689059896125 0.10139998296896617 53
1689059896627 0.10038881252209346 54
1689059897113 0.1052340716123581 55
1689059897621 0.093055360019207 56
1689059898119 0.08945200840632121 57
1689059898623 0.08819028983513515 58
1689059899126 0.08496406426032384 59
1689059899625 0.08433522284030914 60
1689059900119 0.08617624392112096 61
1689059900614 0.08521464715401332 62
1689059901105 0.07689053813616435 63
1689059901599 0.07962219665447871 64
1689059902115 0.07487788051366806 65
1689059902619 0.0706081713239352 66
1689059903115 0.06856631487607956 67
1689059903627 0.06587991615136464 68
1689059904133 0.06793128078182538 69
1689059904642 0.07364692290623982 70
1689059905141 0.06058439239859581 71
1689059905641 0.07862479612231255 72
1689059906140 0.06643284236391385 73
1689059906650 0.06333702181776364 74
1689059907154 0.06405835226178169 75
1689059907652 0.06099402904510498 76
1689059908148 0.06394037355979283 77
1689059908626 0.05631177251537641 78
1689059909130 0.05752373238404592 79
1689059909621 0.05377788717548052 80
1689059910109 0.05984058106938998 81
1689059910600 0.049144371102253594 82
1689059911086 0.05017140507698059 83
1689059911575 0.04786309724052747 84
1689059912054 0.046465942015250526 85
1689059912544 0.04837068418661753 86
1689059913038 0.04246320575475693 87
1689059913527 0.043388836085796356 88
1689059914014 0.05519570534427961 89
1689059914520 0.04439381634195646 90
1689059915005 0.04224588225285212 91
1689059915507 0.05125007778406143 92
1689059915998 0.04142567763725916 93
1689059916498 0.047798216342926025 94
1689059917000 0.04219760745763779 95
1689059917492 0.03706679120659828 96
1689059917987 0.03853990758458773 97
1689059918474 0.038194658855597176 98
1689059918968 0.049801631520191826 99
1689059919497 0.035242101177573204 100
1689059920013 0.034631473322709404 101
1689059920515 0.041620676716168724 102
1689059921015 0.03551616085072359 103
1689059921533 0.03884378137687842 104
1689059922052 0.0333390316615502 105
1689059922550 0.032399836306770645 106
1689059923036 0.03809273491303126 107
1689059923537 0.03351851304372152 108
1689059924035 0.030768347283204395 109
1689059924539 0.03228351101279259 110
1689059925036 0.03095347558458646 111
1689059925553 0.028188419217864673 112
1689059926055 0.02992166578769684 113
1689059926554 0.03031216375529766 114
1689059927049 0.03316622351606687 115
1689059927552 0.028097424035271008 116
1689059928058 0.0348405713836352 117
1689059928553 0.036646602054437004 118
1689059929050 0.028790460899472237 119
1689059929564 0.03425462978581587 120
1689059930078 0.026710964118440945 121
1689059930578 0.02772980307539304 122
1689059931081 0.02591075375676155 123
1689059931583 0.02687786395351092 124
1689059932072 0.025781380633513134 125
1689059932570 0.023225005716085434 126
1689059933064 0.02318060336013635 127
1689059933569 0.02138075853387515 128
1689059934052 0.022605629016955692 129
1689059934551 0.021218649422128994 130
1689059935046 0.024240481356779735 131
1689059935544 0.02843611252804597 132
1689059936069 0.02373567596077919 133
1689059936575 0.023978041484951973 134
1689059937075 0.02247485953072707 135
1689059937559 0.021635623648762703 136
1689059938080 0.030474308257301647 137
1689059938595 0.023234751696387928 138
1689059939095 0.02064293809235096 139
1689059939593 0.021229341626167297 140
1689059940085 0.02170054924984773 141
1689059940589 0.017229414234558742 142
1689059941079 0.01847661721209685 143
1689059941583 0.019596602767705917 144
1689059942076 0.020157978869974613 145
1689059942569 0.021418291764954727 146
1689059943050 0.018571690035363037 147
1689059943570 0.01826064536968867 148
1689059944092 0.023041988412539165 149
1689059944620 0.01623213104903698 150
1689059945138 0.017651484968761604 151
1689059945654 0.016206409161289532 152
1689059946175 0.017805540934205055 153
1689059946674 0.018277777669330437 154
1689059947170 0.01900429278612137 155
1689059947653 0.01750411093235016 156
1689059948154 0.014947592280805111 157
1689059948651 0.016402770144244034 158
1689059949147 0.015344679355621338 159
1689059949642 0.017902402207255363 160
1689059950149 0.015824812774856884 161
1689059950647 0.02386542906363805 162
1689059951142 0.015579864693184694 163
1689059951648 0.015524293606479963 164
1689059952150 0.018567679760356743 165
1689059952669 0.013320628553628922 166
1689059953166 0.018631896004080772 167
1689059953647 0.015804107300937176 168
1689059954150 0.015705265415211517 169
1689059954655 0.014984590311845144 170
1689059955138 0.016239935532212257 171
1689059955646 0.013863684919973215 172
1689059956144 0.016726726355652016 173
1689059956645 0.012485165148973465 174
1689059957148 0.013386284622053305 175
1689059957669 0.016808791706959408 176
1689059958149 0.014352706571420034 177
1689059958656 0.014023737981915474 178
1689059959153 0.016090778013070423 179
1689059959650 0.01383484217027823 180
1689059960150 0.01463739201426506 181
1689059960650 0.013072780333459377 182
1689059961147 0.016002880409359932 183
1689059961630 0.0223393098761638 184
1689059962153 0.012375399159888426 185
1689059962660 0.012482186158498129 186
1689059963178 0.015139784043033918 187
1689059963709 0.016267985105514526 188
1689059964206 0.013102611837287744 189
1689059964702 0.012160243156055609 190
1689059965199 0.014485362296303114 191
1689059965700 0.017118742999931175 192
1689059966195 0.018397044700880844 193
1689059966691 0.012922305924197039 194
1689059967175 0.011545388338466486 195
1689059967668 0.016756503842771053 196
1689059968162 0.012183834488193193 197
1689059968663 0.01324211061000824 198
1689059969172 0.01076312456279993 199
1689059969674 0.01037757812688748 200
1689059970169 0.012303627716998259 201
1689059970659 0.014084138597051302 202
1689059971155 0.01098958682268858 203
1689059971659 0.010393491946160793 204
1689059972141 0.011358781096835932 205
1689059972649 0.009833893738687038 206
1689059973220 0.011639637872576714 207
1689059973729 0.011344455492993196 208
1689059974597 0.013500882933537165 209
1689059975075 0.011233761285742124 210
1689059975592 0.011636667264004549 211
1689059976090 0.013034381593267122 212
1689059976602 0.0109367606540521 213
1689059977095 0.009865915092329184 214
1689059977593 0.015161918786664804 215
1689059978090 0.011096514761447906 216
1689059978589 0.012889995550115904 217
1689059979079 0.009680795793732008 218
1689059979571 0.010189343709498644 219
1689059980062 0.013421103979150454 220
1689059980557 0.012520226494719585 221
1689059981076 0.012051155480245749 222
1689059981577 0.009991087950766087 223
1689059982070 0.010735309682786465 224
1689059982568 0.010156511018673578 225
1689059983071 0.009383935170869032 226
1689059983575 0.008768162224441767 227
1689059984056 0.009981070024271807 228
1689059984575 0.008584926215310892 229
1689059985072 0.01120898841569821 230
1689059985568 0.009860333055257797 231
1689059986062 0.012857101081560055 232
1689059986566 0.010460671037435532 233
1689059987068 0.011091395436475674 234
1689059987559 0.010326726362109184 235
1689059988049 0.008894381579011679 236
1689059988544 0.010140344345321258 237
1689059989051 0.010557591449469328 238
1689059989562 0.010218851113071045 239
1689059990058 0.009449012577533722 240
1689059990553 0.018084117987503607 241
1689059991059 0.010195252951234579 242
1689059991567 0.01003665973742803 243
1689059992060 0.010124359279870987 244
1689059992554 0.009844564522306124 245
1689059993050 0.009102524413416782 246
1689059993564 0.009116993596156439 247
1689059994077 0.011321609063694874 248
1689059994578 0.008175179983178774 249
1689059995089 0.010982544627040625 250
1689059995602 0.010778127703815699 251
1689059996120 0.009957770506540934 252
1689059996613 0.011231476906687021 253
1689059997105 0.011087554506957531 254
1689059997604 0.008657706435769796 255
1689059998094 0.008866531153519949 256
1689059998592 0.008591479000945887 257
1689059999086 0.009916678536683321 258
1689059999595 0.010595461508880058 259
1689060000094 0.010389644031723341 260
1689060000578 0.010228280133257309 261
1689060001073 0.00863231842716535 262
1689060001579 0.007839906650284926 263
1689060002076 0.008488366225113472 264
1689060002571 0.00900150245676438 265
1689060003066 0.00822842245300611 266
1689060003560 0.00766033058365186 267
1689060004036 0.008419322005162636 268
1689060004525 0.008445485029369593 269
1689060005002 0.00954989685366551 270
1689060005503 0.010899723352243504 271
1689060005994 0.008423304185271263 272
1689060006486 0.007596959049503009 273
1689060006976 0.008790280359486738 274
1689060007469 0.008437708330651125 275
1689060007950 0.009982892777770758 276
1689060008428 0.007745169724027316 277
1689060008923 0.007747693297763665 278
1689060009417 0.010500650852918625 279
1689060009905 0.012042329646646976 280
1689060010399 0.0076802669403453665 281
1689060010892 0.011982903815805912 282
1689060011384 0.012670012967040142 283
1689060011865 0.01062898322318991 284
1689060012347 0.00850394337127606 285
1689060012852 0.00768339183802406 286
1689060013348 0.00678701838478446 287
1689060013835 0.007265840036173661 288
1689060014326 0.00861960199351112 289
1689060014813 0.009277874293426672 290
1689060015311 0.011219752952456474 291
1689060015805 0.0071886093355715275 292
1689060016305 0.008762200518200794 293
1689060016803 0.007339121929059426 294
1689060017299 0.008115379605442286 295
1689060017793 0.008661365136504173 296
1689060018291 0.008406282092134157 297
1689060018791 0.006923647131770849 298
1689060019289 0.008842500858008862 299
1689060019787 0.007153431574503581 300
1689060024157 0.008576191340883573 301
1689060024649 0.008581116795539856 302
1689060025142 0.007565769987801711 303
1689060025630 0.00907996188228329 304
1689060026119 0.006672990974038839 305
1689060026627 0.008808580692857504 306
1689060027142 0.007707457368572553 307
1689060027749 0.006758023674289386 308
1689060028255 0.00828724509725968 309
1689060028774 0.006618104409426451 310
1689060029290 0.008290135767310858 311
1689060029809 0.007161928651233514 312
1689060030332 0.00686425839861234 313
1689060030858 0.007755574615051349 314
1689060031378 0.007230426960935195 315
1689060031904 0.009419093684603771 316
1689060032434 0.00572773643458883 317
1689060032952 0.006322610192000866 318
1689060033472 0.006714114919304848 319
1689060033994 0.005775506452967723 320
1689060034517 0.007614662715544303 321
1689060035041 0.006624209849784772 322
1689060035572 0.006674384698271751 323
1689060036094 0.00717447092756629 324
1689060036618 0.0058768925567468005 325
1689060037140 0.008491201636691889 326
1689060037679 0.006336607970297337 327
1689060038209 0.007787351030856371 328
1689060038727 0.00811388436704874 329
1689060039249 0.006361532801141341 330
1689060039768 0.00785987280930082 331
1689060040284 0.006264115838954846 332
1689060040802 0.007567074925949176 333
1689060041320 0.007141092171271642 334
1689060041840 0.006340803888936837 335
1689060042354 0.007987452515711388 336
1689060042874 0.005677240590254466 337
1689060043390 0.007304380026956399 338
1689060043918 0.007089746495087941 339
1689060044434 0.005593244141588609 340
1689060044957 0.007225551797697942 341
1689060045484 0.006295824268211921 342
1689060046004 0.00659897147367398 343
1689060046523 0.007096393033862114 344
1689060047041 0.005520886275917292 345
1689060047561 0.006332100989917914 346
1689060048077 0.007093324325978756 347
1689060048599 0.00590230602150162 348
1689060049122 0.006490208674222231 349
1689060049641 0.005041758995503187 350
1689060050170 0.0055815849142769975 351
1689060050709 0.007264373047898213 352
1689060051244 0.008532473351806402 353
1689060051780 0.005303627190490563 354
1689060052312 0.006721011983851592 355
1689060052854 0.005908398889005184 356
1689060053388 0.005184803778926532 357
1689060053919 0.006674534175544977 358
1689060054480 0.00604002953817447 359
1689060055014 0.008526597482462725 360
1689060055544 0.004884704637030761 361
1689060056063 0.005916406245281299 362
1689060056582 0.005562140295902888 363
1689060057105 0.006896464775005977 364
1689060057622 0.005913653876632452 365
1689060058139 0.005830889412512382 366
1689060058654 0.007331085546563069 367
1689060059174 0.005955911008641124 368
1689060059691 0.00574103385830919 369
1689060060209 0.007647883923103412 370
1689060060742 0.006354320949564378 371
1689060061270 0.00558392812187473 372
1689060061791 0.006085798765222232 373
1689060062310 0.005672448004285495 374
1689060062829 0.005518943847467502 375
1689060063364 0.004724118082473676 376
1689060063884 0.004920653222749631 377
1689060064411 0.004950953492273887 378
1689060064938 0.005916480363036196 379
1689060065459 0.006745985321079691 380
1689060065982 0.005895842254782717 381
1689060066501 0.004362575166548292 382
1689060067020 0.004902651145433386 383
1689060067538 0.005980989895761013 384
1689060068056 0.006099465147902568 385
1689060068573 0.005254187000294526 386
1689060069094 0.0052576564097156124 387
1689060069612 0.007564486625293891 388
1689060070128 0.005983293599759539 389
1689060070655 0.004287840177615483 390
1689060071177 0.0054886342647175 391
1689060071695 0.004888691318531831 392
1689060072214 0.0053678040858358145 393
1689060072733 0.00597721990197897 394
1689060073253 0.005467527080327272 395
1689060073771 0.004540888437380393 396
1689060074292 0.004879838476578395 397
1689060074810 0.004769030958414078 398
1689060075330 0.004808339290320873 399
1689060075853 0.005014785487825672 400
1689060076393 0.004927256377413869 401
1689060076922 0.0066721125816305476 402
1689060077445 0.005051116071020563 403
1689060077964 0.004938393598422408 404
1689060078484 0.005063825907806556 405
1689060079003 0.005038196376214425 406
1689060079527 0.005819585872814059 407
1689060080048 0.004789878614246845 408
1689060080575 0.005859215588619311 409
1689060081099 0.006910528289154172 410
1689060081622 0.008864270678410927 411
1689060082145 0.004814423465480407 412
1689060082667 0.004836309778814514 413
1689060083223 0.006484098732471466 414
1689060083751 0.004685256319741408 415
1689060084274 0.005149421980604529 416
1689060084797 0.004166855321576198 417
1689060085323 0.004562996095046401 418
1689060085855 0.004782700212672353 419
1689060086394 0.005109467000390093 420
1689060086924 0.0053788290824741125 421
1689060087454 0.004517747166876991 422
1689060088002 0.0053157393510142965 423
1689060088524 0.006181967755158742 424
1689060089058 0.005386144854128361 425
1689060089580 0.005151352224250634 426
1689060090111 0.0063582822525252896 427
1689060090629 0.007569993147626519 428
1689060091155 0.005278778728097677 429
1689060091678 0.010419752914458513 430
1689060092208 0.004959228293349345 431
1689060092729 0.0062070300336927176 432
1689060093250 0.005330877223362525 433
1689060093771 0.005353010414789121 434
1689060094301 0.006947258332123359 435
1689060094839 0.005522899096831679 436
1689060095359 0.0059356670050571365 437
1689060095878 0.004976818570867181 438
1689060096411 0.005123781816413005 439
1689060096937 0.00458393261457483 440
1689060097458 0.004584385625397165 441
1689060097991 0.007499129511415958 442
1689060098508 0.004825940976540248 443
1689060099024 0.0042278712304929895 444
1689060099543 0.006538233098884423 445
1689060100064 0.005767471389845014 446
1689060100580 0.004895332735031843 447
1689060101100 0.005295494648938377 448
1689060101632 0.0041163273466130095 449
1689060102152 0.008635518761972586 450
1689060102672 0.004217258266483744 451
1689060103194 0.004858562722802162 452
1689060103711 0.0047983399126678705 453
1689060104237 0.003946528459588687 454
1689060104761 0.004964473269258936 455
1689060105285 0.005065063790728648 456
1689060105819 0.008232184375325838 457
1689060106354 0.005107814523701866 458
1689060106873 0.004231734434142709 459
1689060107388 0.0045457402399430675 460
1689060107931 0.005975434246162574 461
1689060108457 0.006423962380116184 462
1689060108982 0.00486200846110781 463
1689060109499 0.0046129558856288595 464
1689060110015 0.004016667216395338 465
1689060110535 0.004368038770432274 466
1689060111050 0.006857817914957802 467
1689060111570 0.004700279639412959 468
1689060112091 0.004309174604713917 469
1689060112608 0.004136004873240988 470
1689060113143 0.005898456477249662 471
1689060113662 0.003743635956197977 472
1689060114179 0.004756441184629996 473
1689060114697 0.0054981693004568415 474
1689060115216 0.0049620528394977255 475
1689060115734 0.004502095747739077 476
1689060116263 0.0041678363146881265 477
1689060116784 0.0045000904550155 478
1689060117307 0.005026357248425484 479
1689060117825 0.0046952903891603155 480
1689060118348 0.0035835586798687777 481
1689060118864 0.003969038836658001 482
1689060119392 0.0044261916385342675 483
1689060119919 0.00419222431567808 484
1689060120441 0.0036951398166517415 485
1689060120957 0.004721838592862089 486
1689060121477 0.004015919286757708 487
1689060121997 0.004884635719160239 488
1689060122515 0.006430875277146697 489
1689060123039 0.0043453701461354894 490
1689060123559 0.00566679200467964 491
1689060124089 0.004261859615022938 492
1689060124611 0.006169044335062305 493
1689060125130 0.004036169654379289 494
1689060125647 0.004469744085023801 495
1689060126170 0.004229764376456539 496
1689060126688 0.00442493287846446 497
1689060127225 0.004391895995164911 498
1689060127781 0.004251356159026424 499
1689060128325 0.0040764405857771635 500
1689060128868 0.004301399535809954 501
1689060129393 0.003336835807810227 502
1689060129917 0.003581391725068291 503
1689060130450 0.0038594123907387257 504
1689060131001 0.0036099927965551615 505
1689060131535 0.00397256746267279 506
1689060132063 0.0041815300937741995 507
1689060132593 0.004381625214591622 508
1689060133126 0.004224132746458054 509
1689060133659 0.0036682048036406436 510
1689060134211 0.00468895995679001 511
1689060134731 0.0037442148507883153 512
1689060135251 0.004144815883288781 513
1689060135771 0.004124813092251618 514
1689060136297 0.00373262376524508 515
