1689060289206 1.2522023916244507 0
1689060289803 1.058210849761963 1
1689060290488 0.8398972749710083 2
1689060291114 0.7427946925163269 3
1689060291719 0.6809579133987427 4
1689060292318 0.6374771595001221 5
1689060292921 0.6030678153038025 6
1689060293527 0.5744896531105042 7
1689060294135 0.550400972366333 8
1689060294736 0.5295817852020264 9
1689060295342 0.5109609365463257 10
1689060295945 0.4938425123691559 11
1689060296546 0.4780200123786926 12
1689060297153 0.46339380741119385 13
1689060297757 0.4497824013233185 14
1689060298367 0.437046617269516 15
1689060298975 0.42508789896965027 16
1689060299577 0.4137812554836273 17
1689060300184 0.4029492139816284 18
1689060300793 0.39255407452583313 19
1689060301400 0.3826119005680084 20
1689060302005 0.3731614947319031 21
1689060302614 0.3641185462474823 22
1689060303222 0.3554484248161316 23
1689060303850 0.347138911485672 24
1689060304481 0.33907419443130493 25
1689060305119 0.3312816023826599 26
1689060305722 0.32375267148017883 27
1689060306326 0.316511869430542 28
1689060306932 0.3094955384731293 29
1689060307538 0.3026949167251587 30
1689060308143 0.2961694300174713 31
1689060308747 0.2898480296134949 32
1689060309356 0.28369417786598206 33
1689060309960 0.27774351835250854 34
1689060310567 0.27196845412254333 35
1689060311174 0.26635003089904785 36
1689060311783 0.26089349389076233 37
1689060312389 0.25560349225997925 38
1689060312991 0.25045648217201233 39
1689060313600 0.2454948127269745 40
1689060314214 0.24068018794059753 41
1689060314818 0.23600493371486664 42
1689060315422 0.23146437108516693 43
1689060316026 0.22703711688518524 44
1689060316637 0.22276455163955688 45
1689060317239 0.21861302852630615 46
1689060317836 0.21456457674503326 47
1689060318402 0.21061059832572937 48
1689060318972 0.2067757397890091 49
1689060319533 0.20305198431015015 50
1689060320098 0.19942744076251984 51
1689060320662 0.1959182769060135 52
1689060321222 0.19249403476715088 53
1689060321788 0.189158633351326 54
1689060322356 0.1859179139137268 55
1689060322961 0.18276964128017426 56
1689060323526 0.1797092854976654 57
1689060324095 0.17674681544303894 58
1689060324665 0.17386360466480255 59
1689060325227 0.17106670141220093 60
1689060325790 0.16834290325641632 61
1689060326357 0.16568367183208466 62
1689060326929 0.16309891641139984 63
1689060327495 0.1605786681175232 64
1689060328059 0.1581130176782608 65
1689060328621 0.15572692453861237 66
1689060329184 0.1534065306186676 67
1689060329752 0.15114329755306244 68
1689060330307 0.14893226325511932 69
1689060330862 0.14678062498569489 70
1689060331421 0.14466620981693268 71
1689060331986 0.14259743690490723 72
1689060332556 0.14058062434196472 73
1689060333118 0.138633131980896 74
1689060333678 0.13673371076583862 75
1689060334242 0.13485875725746155 76
1689060334804 0.13301540911197662 77
1689060335375 0.13121408224105835 78
1689060335938 0.12948493659496307 79
1689060336501 0.12779781222343445 80
1689060337063 0.12613868713378906 81
1689060337630 0.12450705468654633 82
1689060338193 0.12290992587804794 83
1689060338755 0.12133246660232544 84
1689060339314 0.1197996661067009 85
1689060339875 0.11831999570131302 86
1689060340439 0.1168697327375412 87
1689060341000 0.11545580625534058 88
1689060341557 0.11403990536928177 89
1689060342119 0.11266815662384033 90
1689060342683 0.11136753112077713 91
1689060343244 0.11007280647754669 92
1689060343806 0.10880522429943085 93
1689060344372 0.1075109913945198 94
1689060344938 0.1062467098236084 95
1689060345509 0.10504313558340073 96
1689060346080 0.10384953767061234 97
1689060346650 0.10269204527139664 98
1689060347220 0.10162647068500519 99
1689060347788 0.100591741502285 100
1689060348354 0.09938962757587433 101
1689060348920 0.09831731766462326 102
1689060349487 0.09732887893915176 103
1689060350054 0.09625556319952011 104
1689060350620 0.09518369287252426 105
1689060351182 0.09422487020492554 106
1689060351750 0.09333088994026184 107
1689060352316 0.09234272688627243 108
1689060352889 0.09131290763616562 109
1689060353456 0.0904277041554451 110
1689060354026 0.08959732204675674 111
1689060354595 0.08863994479179382 112
1689060355163 0.0877571851015091 113
1689060355738 0.08697160333395004 114
1689060356310 0.08609785884618759 115
1689060356876 0.08520051091909409 116
1689060357443 0.08440932631492615 117
1689060358009 0.08366471529006958 118
1689060358574 0.08280635625123978 119
1689060359138 0.0820913016796112 120
1689060359700 0.08121751993894577 121
1689060360266 0.08052342385053635 122
1689060360830 0.07978590577840805 123
1689060361392 0.07903699576854706 124
1689060361956 0.07829015702009201 125
1689060362521 0.07756376266479492 126
1689060363100 0.07693784683942795 127
