1688721548416 0.49131202697753906 0
1688721549177 0.3604790270328522 1
1688721549926 0.2614380493760109 2
1688721550688 0.18141243606805801 3
1688721551430 0.11998766288161278 4
1688721552148 0.08175791427493095 5
1688721552869 0.05537671223282814 6
1688721553585 0.036830293014645576 7
1688721554302 0.025369788520038128 8
1688721555018 0.01837725192308426 9
1688721555731 0.014190190006047487 10
1688721556447 0.011158473324030638 11
1688721557158 0.009588011540472507 12
1688721557879 0.008557966444641352 13
1688721558594 0.008898621890693903 14
1688721559304 0.008064880967140198 15
1688721560022 0.007982008624821901 16
1688721560732 0.00707570556551218 17
1688721561439 0.006751984590664506 18
1688721562150 0.007455237675458193 19
1688721562861 0.006567117990925908 20
1688721563572 0.005886232480406761 21
1688721564285 0.006018735468387604 22
1688721565001 0.006087831454351544 23
1688721565715 0.005440533393993974 24
1688721566428 0.005505512468516827 25
1688721567140 0.005543687613680959 26
1688721567855 0.004995823604986072 27
1688721568571 0.004983948543667793 28
1688721569284 0.005760051775723696 29
1688721569999 0.005376534536480904 30
1688721570711 0.0049032114911824465 31
1688721571423 0.005126613890752196 32
1688721572136 0.004883727990090847 33
1688721572848 0.0049698741640895605 34
1688721573562 0.004621986532583833 35
1688721574275 0.004482422024011612 36
1688721574990 0.004815492779016495 37
1688721575707 0.004440005170181394 38
1688721576420 0.004931389121338725 39
1688721577132 0.004461150383576751 40
1688721577865 0.004556542728096247 41
1688721578591 0.004504953045397997 42
1688721579305 0.004459001822397113 43
1688721580018 0.004159069852903485 44
1688721580739 0.0048611839301884174 45
1688721581453 0.003877885756082833 46
1688721582163 0.004303976194933057 47
1688721582878 0.004126345505937934 48
1688721583591 0.003967237309552729 49
1688721584304 0.004345425870269537 50
1688721585016 0.003846831852570176 51
1688721585727 0.0038913325406610966 52
1688721586442 0.004136155010201037 53
1688721587147 0.004175164387561381 54
1688721587855 0.003896892420016229 55
1688721588571 0.003828406799584627 56
1688721589288 0.004030950367450714 57
1688721590001 0.00364144379273057 58
1688721590712 0.0038611595518887043 59
1688721591425 0.003711336408741772 60
1688721592155 0.00371245457790792 61
1688721592870 0.00408388942014426 62
1688721593609 0.003595408401452005 63
1688721594350 0.0037677099462598562 64
1688721595061 0.003539162687957287 65
1688721595774 0.003271167050115764 66
1688721596494 0.0033804726554080844 67
1688721597209 0.0033320641377940774 68
1688721597926 0.0032429733546450734 69
1688721598641 0.0032728537917137146 70
1688721599353 0.002915210439823568 71
1688721600068 0.003493686090223491 72
1688721600784 0.0032883165404200554 73
1688721601503 0.0028746490133926272 74
1688721602218 0.00271527748554945 75
1688721602934 0.0028232391923666 76
1688721603647 0.002952353563159704 77
1688721604363 0.0028101179050281644 78
1688721605075 0.0026497584767639637 79
1688721605787 0.0028271665796637535 80
1688721606503 0.002878934843465686 81
1688721607218 0.002893565921112895 82
1688721607938 0.002669163979589939 83
1688721608662 0.0027190763503313065 84
1688721609376 0.002389611443504691 85
1688721610091 0.0024377627996727824 86
1688721610805 0.002585064386948943 87
1688721611518 0.0022092434810474515 88
1688721612236 0.002069536130875349 89
1688721612952 0.0025235265493392944 90
1688721613667 0.0021340615348890424 91
1688721614384 0.0020901138195768 92
1688721615101 0.0022528977133333683 93
1688721615817 0.0019500387134030461 94
1688721616544 0.0019290937343612313 95
1688721617265 0.0018998885061591864 96
1688721617983 0.0019084238447248936 97
1688721618702 0.0019173282198607922 98
1688721619419 0.001949307625181973 99
1688721620140 0.001727561408188194 100
