1688776740048 0.4691343704859416 0
1688776741015 0.29170389473438263 1
1688776742037 0.17060681184132895 2
1688776743004 0.0940971573193868 3
1688776743969 0.05023137231667837 4
1688776744936 0.027047340447704 5
1688776745904 0.01571728754788637 6
1688776746876 0.011041816944877306 7
1688776747845 0.008908094217379888 8
1688776748814 0.008490450059374174 9
1688776749785 0.007651099314292272 10
1688776750758 0.007412465754896402 11
1688776751731 0.0066936262883245945 12
1688776752705 0.0064964392222464085 13
1688776753677 0.0060948701575398445 14
1688776754653 0.0057745206480224924 15
1688776755629 0.005541971729447444 16
1688776756607 0.005292646897335847 17
1688776757580 0.005096368646870057 18
1688776758553 0.005036567648251851 19
1688776759528 0.004791542732467254 20
1688776760503 0.00497207681958874 21
1688776761480 0.004739286533246438 22
1688776762456 0.004481670601914327 23
1688776763432 0.0044151969874898596 24
1688776764409 0.004553765989840031 25
1688776765386 0.004317327092091243 26
1688776766364 0.004279348378380139 27
1688776767342 0.004454671870917082 28
1688776768330 0.004197078136106332 29
1688776769308 0.004437237822761138 30
1688776770287 0.00407784649481376 31
1688776771267 0.004106306315710147 32
1688776772249 0.004031996708363295 33
1688776773229 0.00413332258661588 34
1688776774209 0.00391162916397055 35
1688776775189 0.003643896197900176 36
1688776776170 0.0036814864724874496 37
1688776777151 0.003740918434535464 38
1688776778138 0.0036358616780489683 39
1688776779122 0.0035422171155611673 40
1688776780104 0.0033005538086096444 41
1688776781088 0.0036352857326467833 42
1688776782073 0.0034087993359814086 43
1688776783057 0.003351419698446989 44
1688776784042 0.003353337369238337 45
1688776785026 0.0034075082124521336 46
1688776786011 0.0033175683735559383 47
1688776787001 0.00311376767543455 48
1688776787987 0.0028730134945362806 49
1688776788973 0.002815631373474995 50
1688776789958 0.0028621455809722343 51
1688776790946 0.0026819546862194934 52
1688776791934 0.0025488732693096003 53
1688776792922 0.002430426888167858 54
1688776793909 0.002343180744598309 55
1688776794895 0.002260674024000764 56
1688776795882 0.002203177815924088 57
1688776796869 0.002262634535630544 58
1688776797856 0.002102705572421352 59
1688776798845 0.0019669417136659226 60
1688776799837 0.0018734349093089502 61
1688776800828 0.0019103540495658915 62
1688776801819 0.001886928027185301 63
1688776802815 0.0018062684296940763 64
1688776803807 0.0018510924807439248 65
1688776804811 0.0017276066743458311 66
1688776805808 0.0016544174868613482 67
1688776806802 0.0015600508001322548 68
1688776807803 0.0014649895407880347 69
1688776808812 0.0014726517256349325 70
1688776809808 0.0013492523770158489 71
1688776810805 0.001384122297167778 72
1688776811806 0.0013621245743706822 73
1688776812807 0.0012801010549689333 74
1688776813811 0.0012072359677404165 75
1688776814804 0.0011366437732552488 76
1688776815807 0.0011634331895038486 77
1688776816810 0.0011276144456739228 78
1688776817811 0.001084509266850849 79
1688776818811 0.001012917064751188 80
1688776819814 0.0010088342629993956 81
1688776820819 0.0009469112652974824 82
1688776821828 0.0009944810687253873 83
1688776822836 0.0009142842803460857 84
1688776823859 0.0009699234312089781 85
1688776824876 0.0009507006034255028 86
1688776825878 0.0009287590704237422 87
1688776826880 0.001048580917995423 88
1688776827884 0.0009654694974112014 89
1688776828892 0.0008350361022166908 90
1688776829905 0.0008607498408916096 91
1688776830920 0.0008184400503523648 92
1688776831934 0.0008510978465589384 93
1688776832936 0.0007483318137625853 94
1688776833942 0.0007538651310217878 95
1688776834959 0.0007912062962229053 96
1688776835980 0.0007188392337411642 97
1688776836997 0.0007356627223392328 98
1688776838015 0.0007084413276364406 99
1688776839038 0.0006715063160906235 100
1688776842302 0.0006715966931854686 101
1688776843299 0.0006944092456251383 102
1688776844294 0.000644874235149473 103
1688776845284 0.0006349254787589113 104
1688776846287 0.0007566469721496105 105
1688776847292 0.0006773717468604445 106
1688776848293 0.0006441214548734328 107
1688776849308 0.0006033589985842506 108
1688776850317 0.0006315775487261514 109
1688776851333 0.0006008888012729585 110
1688776852348 0.0005827227335733672 111
1688776853375 0.0005654430521341661 112
1688776854395 0.0005296958261169493 113
1688776855422 0.0005789381490709881 114
1688776856445 0.0005885801122834285 115
1688776857465 0.0005671070248354226 116
1688776858486 0.000585255513821418 117
1688776859509 0.0004935014197447648 118
1688776860533 0.0005591303439966092 119
1688776861558 0.0005434236663859338 120
1688776862581 0.00046165041082228225 121
1688776863602 0.00047609314788132906 122
1688776864630 0.00047418427614805597 123
1688776865656 0.0004374035925138742 124
1688776866680 0.0004981829551979899 125
1688776867706 0.00045954382706743974 126
1688776868734 0.0004339329607319087 127
1688776869760 0.00045364499480153125 128
1688776870783 0.0004431694493784259 129
1688776871814 0.0003931319321660946 130
1688776872835 0.0005384053414066633 131
1688776873862 0.00045325943695691723 132
1688776874890 0.0005436838934353242 133
1688776875920 0.00044386822264641523 134
1688776876943 0.0004623899585567415 135
1688776877969 0.00045132495385284227 136
1688776878991 0.000446479117575412 137
1688776880029 0.00039794940191010636 138
1688776881049 0.00042247751844115555 139
1688776882069 0.0003689221533325811 140
1688776883088 0.00037832318533522386 141
1688776884110 0.00039149234847476083 142
1688776885138 0.00041119301264795166 143
1688776886162 0.00041332253022119403 144
1688776887188 0.0004072377923876047 145
1688776888207 0.00037925989211847383 146
1688776889245 0.0003678189047301809 147
1688776890272 0.00046611646151480574 148
1688776891289 0.00042141025187447667 149
1688776892311 0.00038731635625784594 150
1688776893344 0.0003868157703739901 151
1688776894371 0.00034966317859167856 152
1688776895395 0.00041547145034807426 153
1688776896421 0.0003425539859260122 154
1688776897440 0.0003769570030272007 155
1688776898461 0.00034359308968608576 156
1688776899485 0.0003591278994766374 157
1688776900515 0.00032852346582027775 158
1688776901538 0.0003310559259261936 159
1688776902560 0.00033515578252263367 160
1688776903583 0.00037331136021142203 161
1688776904608 0.0003641766185561816 162
1688776905630 0.00036126896156929433 163
1688776906656 0.0003139340551570058 164
1688776907681 0.00031621136198130745 165
1688776908705 0.000359305995516479 166
1688776909726 0.00033550554265578586 167
1688776910753 0.00028602007660083473 168
1688776911775 0.00030660983369064826 169
1688776912796 0.00032231039949692786 170
1688776913820 0.00028167305572424084 171
1688776914844 0.0002992486988659948 172
1688776915872 0.0003169550230571379 173
1688776916895 0.00027033067696417373 174
1688776917919 0.0002701563644222915 175
1688776918939 0.0002834315528161824 176
1688776919962 0.0002796763534812878 177
1688776920983 0.00028510183134737116 178
1688776922000 0.00023596280273826173 179
1688776923025 0.00025300824199803174 180
1688776924057 0.00030988828802946955 181
1688776925085 0.0003238825884182006 182
1688776926113 0.0003778400568990037 183
1688776927223 0.00035269471603290487 184
1688776928285 0.00027362901892047375 185
1688776929314 0.0003170444688294083 186
1688776930349 0.000330633837923718 187
1688776931378 0.00025165978392275673 188
1688776932410 0.00020692222945702574 189
1688776933438 0.00024404933598513404 190
1688776934475 0.00023893242178019136 191
1688776935503 0.00022269505037305257 192
1688776936533 0.00036382293910719454 193
1688776937560 0.0002557996437341596 194
1688776938584 0.000283847611475115 195
1688776939612 0.00027308940479997545 196
1688776940636 0.00021073295890043178 197
1688776941661 0.00024244363885372877 198
1688776942687 0.00022945224676125994 199
1688776943711 0.0002286461579690998 200
1688776947055 0.00023309904402898005 201
1688776948082 0.0002183576968188087 202
1688776949111 0.00021893713468064865 203
1688776950138 0.0002155460921737055 204
1688776951157 0.00023358761488149563 205
1688776952178 0.00023053742188494653 206
1688776953197 0.0001912073300142462 207
1688776954212 0.00020875475214173397 208
1688776955236 0.00032101382385008037 209
1688776956257 0.00019424512962965915 210
1688776957279 0.00021136402695750198 211
1688776958306 0.00023059756495058537 212
1688776959311 0.00022138677013572305 213
1688776960323 0.00020018685124038407 214
1688776961338 0.00025099112341801327 215
1688776962363 0.00021544611566544822 216
1688776963385 0.0002551213256083429 217
1688776964402 0.0002599163757016261 218
1688776965425 0.00022363777679856867 219
1688776966444 0.00023367220031407973 220
1688776967462 0.00025644557414731633 221
1688776968485 0.00025550610735081136 222
1688776969511 0.00022573106010289243 223
1688776970533 0.00021613070566672832 224
1688776971563 0.00025273255111339193 225
1688776972591 0.00018488768546376377 226
1688776973620 0.00020061008884416273 227
1688776974642 0.00020752204970146218 228
1688776975662 0.00021914273869091025 229
1688776976680 0.00018408598164872578 230
1688776977702 0.00016982100593547025 231
1688776978729 0.00017722011155759296 232
1688776979751 0.0001783708188061913 233
1688776980779 0.00017170840874314308 234
1688776981800 0.000156759939272888 235
1688776982828 0.00015069743434044844 236
1688776983856 0.0001573858365494137 237
1688776984881 0.0002676749742628696 238
1688776985897 0.00020204715353126326 239
1688776986936 0.00020544154055338973 240
1688776987957 0.00019622091591979066 241
1688776988977 0.00017510468023829162 242
1688776989996 0.00021887950909634432 243
1688776991018 0.00017245342314708978 244
1688776992045 0.0001674429998577883 245
1688776993076 0.00020391222399969897 246
1688776994112 0.0001772654359228909 247
1688776995133 0.00023679071455262601 248
1688776996153 0.0001777524642723923 249
1688776997176 0.00019438503174266467 250
1688776998211 0.0001635212950835315 251
1688776999232 0.0001791479104819397 252
1688777000252 0.00018712088543300828 253
1688777001272 0.00016273302026093006 254
1688777002294 0.00019157696321296194 255
1688777003328 0.0002323000444448553 256
1688777004345 0.00016229152242885903 257
1688777005367 0.0002114291904338946 258
1688777006391 0.00022349601204041392 259
1688777007411 0.00019243130615601936 260
1688777008431 0.00018863033619709313 261
1688777009452 0.0001985485238643984 262
1688777010479 0.00021022210421506315 263
1688777011508 0.00016819639616490653 264
1688777012530 0.00014372157117274278 265
1688777013550 0.00014477054840729883 266
1688777014569 0.0002375440381001681 267
1688777015608 0.00015285866053697342 268
1688777016633 0.00019130046469702697 269
1688777017654 0.00018172141669007638 270
1688777018679 0.00024209678182766461 271
1688777019705 0.00018301952513866127 272
1688777020729 0.00015454471334426975 273
1688777021750 0.000148321045950676 274
1688777022769 0.00016624885514223328 275
1688777023785 0.00014718310315705216 276
1688777024807 0.0001396087269919614 277
1688777025836 0.00010785456106532365 278
1688777026863 0.00012967624449326345 279
1688777027885 0.0001416303615163391 280
1688777028907 0.00012253408203832805 281
1688777029932 0.0001642577456853663 282
1688777030955 0.00012013836142917474 283
1688777031986 0.0001488696264762742 284
1688777033006 0.00013494168039566526 285
1688777034033 0.0001385639698128216 286
1688777035063 0.0001687782132648863 287
1688777036092 0.00015278221447564042 288
1688777037119 0.00019326703962481892 289
1688777038141 0.00013998196906565377 290
1688777039162 0.00014842998158807555 291
1688777040185 0.00014230082645857087 292
1688777041208 0.00014432922034757212 293
1688777042236 0.00014460497914114967 294
1688777043257 0.0001277304885055249 295
1688777044285 0.00013205440336605534 296
1688777045309 0.00017485722977047166 297
1688777046336 0.00016060996373804906 298
1688777047354 0.00018771715015949061 299
1688777048379 0.00016052096179919317 300
1688777051636 0.00016665927493401492 301
1688777052655 0.00013097666912168884 302
1688777053679 0.0001325588503580851 303
1688777054709 0.00012471034036328396 304
1688777055737 0.00021095212287036702 305
1688777056756 0.0002100454027337643 306
1688777057785 0.0001423449624174585 307
1688777058810 0.00012450531115367389 308
1688777059835 0.0002129426187214752 309
1688777060854 0.00017910104361362755 310
1688777061883 0.00016963966966917118 311
1688777062912 0.0001730985241010785 312
1688777063935 0.00015310264764896905 313
1688777064955 0.00023210116099411002 314
1688777065981 0.0002125445316778496 315
1688777067011 0.00019032569252885878 316
1688777068044 0.00017178071478459364 317
1688777069068 0.00018612054797510305 318
1688777070092 0.00016113146072408804 319
1688777071114 0.00017597358479785422 320
1688777072141 0.00018653099444539598 321
1688777073167 0.00017417359534495822 322
1688777074183 0.00018015776731772348 323
1688777075207 0.0001262208194627116 324
1688777076236 0.00013223899198540798 325
1688777077263 0.0001334043166328532 326
1688777078284 0.00015684004271558175 327
1688777079303 0.00019551139606240517 328
1688777080324 0.00017456559241206074 329
1688777081349 0.00020321695046732202 330
1688777082371 0.00014954946770255143 331
1688777083393 0.00011276256069929029 332
1688777084417 0.0001834525125256429 333
1688777085445 0.0001284297468373552 334
1688777086468 0.0001379019619586567 335
1688777087493 0.00011453554664816086 336
1688777088518 0.00014045650944657004 337
1688777089543 9.76648031307074e-05 338
1688777090568 0.0001056331311701797 339
1688777091594 0.0001504703153235217 340
1688777092622 0.00015433527247902626 341
1688777093641 0.00011546732760810603 342
1688777094662 0.00012382888477683687 343
1688777095684 0.00011349879787303507 344
1688777096707 8.884446045461421e-05 345
1688777097727 0.00021190746338106692 346
1688777098748 0.00014053438402091464 347
1688777099774 0.0001442634432654207 348
1688777100803 0.00012712909907956296 349
1688777101835 0.00013725485284036645 350
1688777102855 0.00010549497771232079 351
1688777103879 0.00017062122788047418 352
1688777104901 0.00020966557106779268 353
1688777105921 0.00012535995241099349 354
1688777106945 0.00012726388376904652 355
1688777107967 0.0001513371680630371 356
1688777108998 0.00012005670578218997 357
1688777110020 0.00014325323960899064 358
1688777111044 0.00011444997896129887 359
1688777112068 0.0001810973287016774 360
1688777113093 9.77521679791001e-05 361
1688777114116 8.827596805834521e-05 362
1688777115142 8.826863268041052e-05 363
1688777116164 0.00014061760884942487 364
1688777117194 8.993193478090689e-05 365
1688777118213 0.00025720789562910795 366
1688777119237 0.00016253879342305785 367
1688777120260 0.000130115532859539 368
1688777121290 0.00015837869674821073 369
1688777122314 0.00013415648815377304 370
1688777123335 0.00012776507840802273 371
1688777124357 0.0001199305309758832 372
1688777125380 0.00011933399461364995 373
1688777126401 0.000121085674133307 374
1688777127423 0.00020259681817454597 375
1688777128452 0.00010293417532617848 376
1688777129474 0.0001383003570178213 377
1688777130495 0.00018050786942088357 378
1688777131512 0.0001628172224930798 379
1688777132546 8.589200660935603e-05 380
1688777133572 0.00012548306646446386 381
1688777134592 0.00010437926539452747 382
1688777135615 0.00013587879705786085 383
1688777136641 0.0001258799820789136 384
1688777137671 0.00010839489550562575 385
1688777138703 0.00010106993916754921 386
1688777139728 0.00014079846975315982 387
1688777140742 9.117331743861239e-05 388
1688777141767 0.00019291542654779428 389
1688777142788 0.00019065676072690016 390
1688777143810 0.00015205317564929524 391
1688777144831 0.00022686413043023398 392
1688777145853 0.0001354425839963369 393
1688777146885 0.00012298095922839516 394
1688777147908 0.0001431846346046465 395
1688777148934 0.00013258498074719682 396
1688777149963 0.00012713035539491102 397
1688777150982 0.00014138373565704873 398
1688777152007 8.818263449938968e-05 399
1688777153027 0.00012712802223783606 400
1688777156251 0.000143491655762773 401
1688777157271 0.0001338074313631902 402
1688777158292 0.00011012333319134389 403
1688777159314 0.00012330073999085775 404
1688777160335 0.00012548141482208544 405
1688777161364 0.00014675825999196 406
1688777162394 0.00012671822090245163 407
1688777163481 0.0001422563315524409 408
1688777164496 0.00011783842880201216 409
1688777165520 0.00012844590188857788 410
1688777166542 9.17518773349002e-05 411
1688777167562 0.00011191681793813284 412
1688777168582 9.691694867797196e-05 413
1688777169606 0.00012650370626943186 414
1688777170627 9.453239787641603e-05 415
1688777171649 0.0001126058996305801 416
1688777172667 9.176236926577985e-05 417
1688777173690 0.00010287910724097553 418
1688777174719 7.483411294136506e-05 419
1688777175747 9.024897735798731e-05 420
1688777176767 9.912304085446522e-05 421
1688777177786 8.575125563462886e-05 422
1688777178809 9.370613527911094e-05 423
1688777179836 8.719618684456994e-05 424
1688777180859 8.378268830711022e-05 425
1688777181884 7.823455356022653e-05 426
1688777182908 6.18650738033466e-05 427
1688777183936 8.820022048894316e-05 428
1688777184957 7.251266409487774e-05 429
1688777185983 7.431928558313909e-05 430
1688777187006 6.205715302106303e-05 431
1688777188033 9.108498246253778e-05 432
1688777189055 0.00012438866178854369 433
1688777190080 8.21422363515012e-05 434
1688777191105 0.00010238006628545311 435
1688777192134 0.00012873099816109365 436
1688777193155 0.00010515992714014526 437
1688777194179 0.00012262399589720493 438
1688777195205 0.00011943559123513599 439
1688777196230 9.474800996637593e-05 440
1688777197253 8.942457255519305e-05 441
1688777198278 0.00011609644570853561 442
1688777199300 0.00010009836842073128 443
1688777200326 0.00014644649248414984 444
1688777201351 8.980490626224007e-05 445
1688777202368 9.86249190949214e-05 446
1688777203390 9.356193913845345e-05 447
1688777204418 9.839038466452621e-05 448
1688777205439 0.00011819098290288821 449
1688777206468 8.835287735564634e-05 450
1688777207492 0.00011436189500576195 451
1688777208517 0.0001297492126468569 452
1688777209541 0.00018762416827181974 453
1688777210567 8.539121336070821e-05 454
1688777211595 0.00011343141522957012 455
1688777212618 0.00013962897598200166 456
1688777213641 0.00014940973051125184 457
1688777214667 0.00010399383851715054 458
1688777215704 0.00010857750385184772 459
1688777216727 0.00018226916290586814 460
1688777217757 0.0002071596766957858 461
1688777218776 0.00014831368995752806 462
1688777219800 0.00015410940250148997 463
1688777220820 0.0001584654770946751 464
1688777221844 0.00011953314242418855 465
1688777222862 0.00014033194505221522 466
1688777223883 9.874852063755195e-05 467
1688777224903 0.00010157742750986169 468
1688777225921 8.55446463295569e-05 469
1688777226948 7.053542261322339e-05 470
1688777227972 8.558694874712576e-05 471
1688777228997 7.113145572172168e-05 472
1688777230021 0.00012535469674427682 473
1688777231041 0.0001843993838216799 474
1688777232069 0.00013198490341892466 475
1688777233094 0.00018130044190911576 476
1688777234119 0.00012673527817241848 477
1688777235141 0.00013472990394802764 478
1688777236167 0.00010875138832489029 479
1688777237191 0.00013403958534278596 480
1688777238215 0.00011551627540029585 481
1688777239239 0.00014845045370748267 482
1688777240258 0.00013627103180624545 483
1688777241284 0.00010384297638665885 484
1688777242308 0.00010268791690274763 485
1688777243337 9.618446104771768e-05 486
1688777244355 0.0001268063909568203 487
1688777245378 0.00012444257057116678 488
1688777246404 0.0001336524922711154 489
1688777247434 8.898021527177964e-05 490
1688777248456 9.9816286819987e-05 491
1688777249474 9.752905073886116e-05 492
1688777250495 9.14095592937277e-05 493
1688777251516 0.00011829251889139414 494
1688777252543 9.411436015701231e-05 495
1688777253567 0.00010533075449833025 496
1688777254595 0.00010165534331463277 497
1688777255621 0.00011288111757797499 498
1688777256644 0.00014146332250675187 499
1688777257667 0.00010489538059725116 500
1688777260926 0.00014988021818377698 501
1688777261943 0.00011063035102173065 502
1688777262971 0.00011360818704512592 503
1688777263994 0.00012213829904794693 504
1688777265018 0.00012310928044219813 505
1688777266044 0.0001246752217411995 506
1688777267075 0.00014328829517277578 507
1688777268101 0.00010604267299640924 508
1688777269130 0.00019116860251718512 509
1688777270158 0.0001439063513923126 510
1688777271180 0.00013654277669653916 511
1688777272206 0.00011000872958296289 512
1688777273229 9.646988473832607e-05 513
1688777274256 9.891981850766267e-05 514
1688777275278 7.652947169844992e-05 515
1688777276302 9.726733454347898e-05 516
1688777277324 9.829138798522763e-05 517
1688777278346 0.00011340082831641969 518
1688777279373 8.93350782765386e-05 519
1688777280397 0.00016702893966188034 520
1688777281425 0.0001095583320420701 521
1688777282445 7.191620170488022e-05 522
1688777283468 8.647271897643805e-05 523
1688777284491 0.00011603762929250176 524
1688777285513 0.00012353088580615199 525
1688777286544 0.00011211342158882569 526
1688777287570 0.00013633322669193149 527
1688777288595 0.000144585756061133 528
1688777289618 0.00012928343009358892 529
1688777290643 0.00012530869328960156 530
1688777291671 0.00012012995527281116 531
1688777292697 0.00013722345950858048 532
1688777293721 0.00011565630120458081 533
1688777294743 0.00013091937823143476 534
1688777295760 0.00013732878384568417 535
1688777296782 0.00011269619911521052 536
1688777297807 0.00010623023748242606 537
1688777298829 0.000130307589036723 538
1688777299860 8.540863685387497e-05 539
1688777300878 0.00010030938574345782 540
1688777301905 0.0001106322730872004 541
1688777302931 0.00014036284361888343 542
1688777303958 0.00010921959619736299 543
1688777304976 0.00012720376010596132 544
1688777306000 0.00010265827101344864 545
1688777307028 9.587453193186472e-05 546
1688777308054 0.00011289983619159709 547
1688777309077 9.765708333967875e-05 548
1688777310095 9.149846785779421e-05 549
1688777311117 8.96393321454525e-05 550
1688777312146 6.975131206369649e-05 551
1688777313168 7.812863501991767e-05 552
1688777314196 9.750205693611254e-05 553
1688777315224 0.0001220329165031823 554
1688777316253 6.575924392867212e-05 555
1688777317273 9.051914579079796e-05 556
1688777318294 0.00014572487392191155 557
1688777319313 0.00017184752747804546 558
1688777320341 9.60700708674267e-05 559
1688777321367 0.00013023728994691433 560
1688777322393 0.00014490390458377078 561
1688777323412 9.424814076434511e-05 562
1688777324430 0.00013339737294397006 563
1688777325455 0.00014195840776665136 564
1688777326480 9.265533299185336e-05 565
1688777327502 0.00010548978025326505 566
1688777328530 0.00012957856961293146 567
1688777329554 0.000141612768250828 568
1688777330579 0.00010892446880461648 569
1688777331604 0.00010909879104777549 570
1688777332629 0.00010103341628564522 571
1688777333647 9.655827792206158e-05 572
1688777334669 7.440704454590256e-05 573
1688777335703 0.0001437223375736115 574
1688777336727 0.00014816003385931253 575
1688777337747 9.560141916153952e-05 576
1688777338766 0.0001477003655357597 577
1688777339787 0.00016043986397562549 578
1688777340816 0.00015046225841312358 579
1688777341841 0.00011586354473062481 580
1688777342866 9.710520437996213e-05 581
1688777343894 9.103299574538444e-05 582
1688777344919 0.000114034521781529 583
1688777345944 8.461930823007909e-05 584
1688777346965 8.954502845881507e-05 585
